0.33157482743263245
-0.4546639025211334
1.171248197555542
-0.5714582204818726
-0.34632009267807007
1.0211496353149414
-0.021427208557724953
1.5420628786087036
0.026510171592235565
0.847550630569458
0.7881182432174683
0.8913818001747131
-1.4789777994155884
0.05294673517346382
0.12119128555059433
-0.5166394114494324
0.305630624294281
1.1582480669021606
-1.7852314710617065
0.24798987805843353
0.663704514503479
0.5829275846481323
-1.139976143836975
-0.3705706000328064
-0.9944595098495483
0.19630374014377594
0.40310904383659363
0.22679761052131653
0.688065767288208
-0.9628040790557861
0.9834483861923218
-0.4002628028392792
1.0363069772720337
-0.37728965282440186
0.04285282641649246
0.06729120016098022
-2.4124515056610107
-0.5861600637435913
1.236789584159851
0.7797834277153015
0.19450825452804565
-0.37017685174942017
0.9079627394676208
-0.24039487540721893
-0.144217848777771
-0.5058959722518921
0.06089866906404495
1.0753947496414185
-0.5189943313598633
0.6764603853225708
-1.0457063913345337
-0.06220679730176926
0.6819599270820618
-1.9095664024353027
-0.5631266236305237
-0.5513615012168884
0.19683383405208588
-0.7179701924324036
-0.9292626976966858
1.6199510097503662
-1.7086918354034424
0.9844516515731812
0.20644021034240723
-2.165663480758667
1.0115206241607666
1.487656831741333
-0.16690663993358612
0.9965466260910034
-1.7628453969955444
0.33781787753105164
0.40012142062187195
0.979653000831604
-0.056185025721788406
1.3998914957046509
-0.7056853175163269
-1.5438642501831055
0.7373408675193787
1.6560487747192383
1.476251482963562
-0.8146507143974304
0.14637358486652374
2.1071252822875977
-0.6612111926078796
-0.42993372678756714
0.545554518699646
-0.9761893153190613
-0.11347492784261703
0.3477379083633423
0.9078952670097351
-0.5449623465538025
-0.26846250891685486
-1.0185810327529907
-0.9857001900672913
1.6189467906951904
-1.4795440435409546
1.2233954668045044
-1.7682002782821655
1.581316351890564
0.2727799713611603
2.413149833679199
1.2819180488586426
-0.2831316888332367
-0.37992361187934875
0.3511170744895935
2.6600778102874756
0.46459585428237915
0.2613937258720398
-0.9792952537536621
-0.5073801875114441
-0.4599323272705078
0.25833770632743835
0.4571533501148224
1.276901125907898
-1.1722173690795898
-1.0280665159225464
-1.557900071144104
0.13719366490840912
0.5522825121879578
0.6955366730690002
0.8874322175979614
-0.04657011106610298
-0.5740953683853149
-0.3213988244533539
0.2335987091064453
-0.3062038719654083
-1.048179030418396
1.992607593536377
0.7973453402519226
0.35625654458999634
1.9373817443847656
-0.8241005539894104
-0.9475921392440796
-0.7661694884300232
0.37188881635665894
0.5615314245223999
-0.4119722843170166
-1.2234416007995605
-1.0969964265823364
0.8180078864097595
0.23248326778411865
-0.26329484581947327
-1.0677285194396973
1.141648769378662
-0.3901333808898926
1.408018708229065
-0.5716291069984436
0.1885984092950821
-0.7534082531929016
0.43580228090286255
0.4338444173336029
-1.7891321182250977
0.7678050994873047
1.1581947803497314
-1.296846866607666
-1.0795001983642578
-0.9479702711105347
-0.18892081081867218
0.49974003434181213
0.5278069972991943
0.21323883533477783
-0.4527645707130432
-0.10936213284730911
-0.9219162464141846
-0.6289891004562378
1.839203953742981
-0.7944409847259521
-0.922620415687561
0.15004360675811768
-0.7761896252632141
-1.351500153541565
1.069062352180481
0.11279265582561493
-2.2254269123077393
-1.6132880449295044
-0.6716399192810059
1.3951736688613892
-2.7085061073303223
-0.5111676454544067
0.788559079170227
0.9862458109855652
-1.0433834791183472
1.3418912887573242
0.34536710381507874
0.5031371116638184
0.9125751256942749
-0.8823126554489136
-1.5438834428787231
0.30286794900894165
1.4729455709457397
-0.45056790113449097
0.4877326190471649
0.3915782570838928
-0.16643165051937103
2.0725104808807373
0.07207733392715454
0.902071475982666
-0.06227724254131317
0.6031976938247681
-0.95169997215271
-1.9874945878982544
-0.465815931558609
-0.47190001606941223
-0.6146806478500366
-1.4464774131774902
0.12377119809389114
1.2679954767227173
-1.3031355142593384
0.006504569202661514
-0.5375542640686035
-1.9024471044540405
1.266313910484314
1.2185062170028687
-0.2903713881969452
1.0535162687301636
1.168972134590149
-0.8311206102371216
1.1123863458633423
0.786453902721405
-0.11741074919700623
-0.10209876298904419
-0.9900863766670227
1.1539961099624634
0.1997441053390503
-0.06823214888572693
-0.7359253168106079
0.9487863779067993
0.006290119141340256
2.509922504425049
-0.24649560451507568
0.8071874380111694
-0.6990983486175537
1.1285370588302612
-0.606791079044342
-0.45888376235961914
0.8006651401519775
-1.6454955339431763
-1.511768102645874
0.64506995677948
-2.244760274887085
0.09803886711597443
-2.217348575592041
-1.9663718938827515
-0.4881404936313629
-0.6139025092124939
-0.934059202671051
1.6692478656768799
1.2217135429382324
0.06691008806228638
0.6721668839454651
1.695885419845581
0.27538129687309265
1.2248151302337646
0.054262664169073105
0.44467559456825256
-0.984286367893219
0.23454253375530243
0.40582141280174255
0.1330823302268982
0.8933430910110474
0.37961554527282715
-0.9264037609100342
0.2108122557401657
0.7764779329299927
-3.140713930130005
-0.14631979167461395
0.9260538816452026
1.0097854137420654
0.30931103229522705
-0.8523479700088501
0.4659251570701599
0.7852349281311035
-1.1421644687652588
1.2777564525604248
-1.9417845010757446
-1.420327067375183
-0.8197495937347412
-1.4466443061828613
-0.366654634475708
1.2543833255767822
-0.2672883868217468
0.2842712700366974
0.8997679352760315
-0.5860015749931335
1.4490182399749756
0.1263779252767563
0.9400246143341064
-0.9629116058349609
1.9351645708084106
-1.049148440361023
0.5077434182167053
-0.6081132888793945
0.17024104297161102
0.6871902346611023
0.4652807414531708
0.9770127534866333
-0.13860005140304565
-0.7333120107650757
-0.31598973274230957
-1.5770597457885742
-1.7476557493209839
-0.8850997090339661
-0.21940983831882477
1.1485471725463867
-0.5601584911346436
0.8394068479537964
1.071365475654602
-2.424468517303467
-0.5275424122810364
-1.6567784547805786
-1.8471616506576538
1.5947505235671997
0.4954308867454529
0.10136591643095016
-1.4273959398269653
-1.0373144149780273
1.7268084287643433
0.5761435627937317
1.2767914533615112
0.06181678548455238
1.2586030960083008
0.2144036591053009
-2.0907175540924072
0.9614195227622986
0.7864040732383728
0.03834020346403122
-1.9194010496139526
0.21556399762630463
1.554964542388916
0.5133906602859497
0.7189345359802246
0.12135031074285507
0.6590150594711304
-0.094412662088871
0.15278561413288116
0.5523161888122559
1.7848469018936157
-0.369864821434021
0.2031203657388687
-0.22982774674892426
-0.9917699098587036
0.01988237164914608
-1.2948148250579834
1.5958973169326782
1.7120929956436157
0.50212162733078
1.6482114791870117
-0.78644859790802
-0.4231223464012146
0.20129553973674774
-0.013373141176998615
-0.17243920266628265
0.07051344960927963
-0.3299635052680969
-0.13332542777061462
1.729549765586853
2.2178943157196045
0.7106951475143433
-0.6024641990661621
0.501971960067749
-0.021697716787457466
0.18431852757930756
-0.05868001654744148
-0.1354619562625885
1.4745787382125854
-2.213038206100464
1.077901840209961
0.07111454010009766
0.3531540036201477
0.26068955659866333
0.27888673543930054
-1.0436114072799683
0.21081915497779846
-1.424605369567871
0.9250450730323792
0.7791984677314758
0.1489625722169876
1.3913333415985107
-0.9031080603599548
-1.4266937971115112
0.06870439648628235
-1.2340362071990967
-0.7930696606636047
0.6765148043632507
0.4406208395957947
-0.8350668549537659
0.18397466838359833
-0.6745937466621399
0.5006734728813171
-0.25204789638519287
0.23493143916130066
-0.6268132925033569
-0.2967323660850525
1.4470542669296265
0.9090843200683594
-1.7646957635879517
-0.054617129266262054
0.40766286849975586
-0.9611874222755432
1.4422056674957275
1.753273367881775
-2.094818353652954
0.22110028564929962
-0.3730345070362091
-0.9081510305404663
1.104196310043335
-0.07317846268415451
1.3316324949264526
0.2672598659992218
-0.9977445006370544
-0.3248693645000458
-0.15595632791519165
0.2557421028614044
0.8083800673484802
0.11939886957406998
2.614105224609375
0.9421123266220093
-0.1739649474620819
0.7838664650917053
-0.7490150928497314
0.1790536642074585
0.8071966171264648
-0.9041073322296143
-0.043979912996292114
1.4394123554229736
1.1759291887283325
-0.6638885140419006
0.8178263306617737
-1.4354290962219238
-0.7389347553253174
-0.2184525430202484
-1.3691062927246094
0.8639227747917175
-0.4794209897518158
0.6574500203132629
0.7594895362854004
-0.20887044072151184
-0.36460259556770325
-0.39356014132499695
1.1887943744659424
1.1249847412109375
-0.9241658449172974
-0.8352919816970825
-0.8330339789390564
-0.8531496524810791
0.3820122480392456
-0.050734058022499084
0.5017224550247192
1.2478169202804565
-1.4668045043945312
0.9401531219482422
-0.0225478895008564
-1.0474538803100586
-0.09625422209501266
0.38248658180236816
-0.4004751741886139
1.5218520164489746
-1.6876403093338013
0.601649284362793
1.268582820892334
1.2007031440734863
0.20127825438976288
0.8602558374404907
0.061389461159706116
-0.8357926607131958
0.3689165413379669
0.8029941916465759
-1.1617282629013062
-0.5800058245658875
-1.7992874383926392
0.7977728247642517
-1.5384193658828735
-0.534887969493866
0.24585403501987457
-0.7214789390563965
1.2277681827545166
1.6617945432662964
1.976728081703186
-0.3858654201030731
0.23795533180236816
0.3651779294013977
-0.7002053260803223
0.011240561492741108
-1.2567975521087646
-0.32955867052078247
0.4542993903160095
-1.8931812047958374
-0.7170688509941101
-0.8451236486434937
-2.336832284927368
0.254019170999527
1.0630223751068115
0.02369792014360428
0.6437551975250244
0.05650969594717026
-0.57920902967453
-0.6991236805915833
-0.5005367994308472
0.10844818502664566
-0.6693970561027527
2.111768960952759
-0.6061556935310364
0.2137860506772995
-0.6455100178718567
-0.3559928834438324
-1.7698861360549927
-0.6711516380310059
-0.9812026023864746
0.04364951699972153
-0.7269107103347778
0.113511823117733
-2.287346124649048
0.5354148745536804
-0.6881372928619385
-0.6285319328308105
0.8099240064620972
0.2862882614135742
1.0408343076705933
-1.1646368503570557
-1.0055021047592163
-0.9862367510795593
2.069565534591675
-1.6760640144348145
-0.8454687595367432
0.17901821434497833
0.38904452323913574
0.9107233285903931
-1.2158315181732178
1.1509910821914673
-0.5131959319114685
-0.7312211394309998
-0.1590966135263443
-0.3378646671772003
0.09061861038208008
-0.43740588426589966
-0.3055746257305145
-0.2506762146949768
-0.839288592338562
-2.1416501998901367
0.7677792310714722
-1.018319845199585
0.5271878242492676
1.5560728311538696
-0.7444087266921997
0.46041515469551086
-1.2889729738235474
-0.2879807949066162
0.626535177230835
-0.8473286628723145
-2.0715763568878174
-0.363812655210495
0.6315959692001343
-0.4035700857639313
0.965010941028595
-0.004833585117012262
-1.0713691711425781
-0.9183719754219055
0.9267012476921082
-1.7837415933609009
-0.003013945883139968
-0.8657246828079224
1.2376916408538818
1.5606118440628052
-0.9378148913383484
-0.128242626786232
-1.5938341617584229
1.5683754682540894
-0.6828595399856567
-0.3262181878089905
0.3344377875328064
3.3141138553619385
-0.4063209891319275
-0.8854891061782837
0.548758864402771
-1.1370220184326172
-0.39262160658836365
-0.9883545637130737
0.339560866355896
-1.420156717300415
-2.106144428253174
-0.5804285407066345
-1.3165283203125
0.6400516033172607
-0.15209713578224182
-0.7564157247543335
0.5883112549781799
-1.0842465162277222
-1.5601818561553955
0.5134620070457458
0.8528186678886414
0.6627684831619263
-0.29642555117607117
0.6617001295089722
0.053916219621896744
1.0902842283248901
-1.7862271070480347
0.2600152790546417
1.5775494575500488
-0.4329826831817627
0.6635954976081848
0.32633668184280396
0.5358982682228088
-0.1312784105539322
0.00230267271399498
0.9485689997673035
-0.4807682931423187
-1.3829447031021118
0.8240880966186523
-0.21761229634284973
0.37636667490005493
-0.5675713419914246
-1.0193675756454468
-1.3098621368408203
0.6202219724655151
0.5281350612640381
-1.7904390096664429
-0.3001320958137512
0.21389713883399963
-0.6774038076400757
0.5905836224555969
0.7236191034317017
-0.4562230706214905
0.674445629119873
-0.6452934741973877
-0.47551873326301575
-1.3050451278686523
-1.274314284324646
-0.5894848108291626
-0.7567513585090637
-0.10864602029323578
0.37878936529159546
-0.6815527677536011
0.6136548519134521
0.07577335834503174
0.3226889967918396
0.9730900526046753
-1.5017695426940918
0.08550648391246796
-0.008155263029038906
-1.1323590278625488
0.43677785992622375
-0.5377951860427856
0.6673950552940369
-0.39024993777275085
-0.434110552072525
-0.584693968296051
0.6251329779624939
-0.09776364266872406
0.2077559232711792
1.2362333536148071
-1.4929840564727783
-0.4234057664871216
0.26447251439094543
-0.1495812088251114
0.8512342572212219
2.3342983722686768
1.3922016620635986
-0.4996052086353302
1.2102545499801636
0.1232839822769165
-0.04764726385474205
0.14783526957035065
0.9625087380409241
-1.1000773906707764
0.689041018486023
1.2165244817733765
-1.206189513206482
-0.5561542510986328
-0.46166160702705383
0.03140224143862724
-1.6988837718963623
1.285544753074646
-0.7148494720458984
0.37404948472976685
-1.7935700416564941
-1.812166452407837
-0.18122753500938416
-0.19455571472644806
-0.602817952632904
-0.9429088234901428
-0.26692575216293335
-0.3329367935657501
-1.0103250741958618
0.7739914059638977
-0.6024696826934814
-0.05284245312213898
2.581153154373169
-0.15625539422035217
-0.5426762104034424
-0.581335186958313
-0.4643942415714264
1.1466642618179321
-1.8633849620819092
-1.1705923080444336
1.3012033700942993
-0.8722048997879028
0.027948465198278427
0.8327198624610901
2.4983410835266113
-0.5307508111000061
-1.2347853183746338
1.4734821319580078
-0.9481696486473083
0.014431658200919628
-1.205502986907959
1.5916019678115845
0.5691232085227966
0.7451043725013733
0.4317965507507324
0.9454922080039978
-0.7853487730026245
1.483689308166504
0.29145655035972595
-0.7070743441581726
0.26933684945106506
-0.1893889605998993
0.16293679177761078
1.229068398475647
-1.092065691947937
0.7949796915054321
-0.5155258178710938
-1.1734293699264526
-0.1948198825120926
0.7393497228622437
0.5908846259117126
-2.850112199783325
-0.48217788338661194
-2.011869192123413
0.35660940408706665
-0.7504934072494507
-0.5795871615409851
0.764182448387146
1.399443507194519
-0.5430099368095398
1.0128443241119385
0.5118902325630188
0.6526545882225037
0.9524031281471252
0.131881982088089
-0.28136250376701355
0.3547233045101166
-0.30982211232185364
0.10997755080461502
1.083836317062378
-2.1829123497009277
2.476611852645874
-1.9466568231582642
-1.5353848934173584
-0.3522598147392273
-1.099561333656311
0.08326555788516998
-0.5238626599311829
0.06266530603170395
0.43519407510757446
1.042742133140564
-1.197373390197754
-1.7756109237670898
-0.7150340676307678
0.09805815666913986
1.1418790817260742
-1.436799168586731
-0.37771373987197876
1.0632233619689941
1.788867473602295
-0.39841192960739136
0.13471147418022156
-1.3388572931289673
-0.22830425202846527
-0.00783450249582529
0.5221515893936157
1.6335879564285278
0.4008573889732361
0.552503764629364
1.9855765104293823
-1.0837405920028687
0.7243534326553345
1.4492868185043335
0.7284654378890991
-0.6478239297866821
-0.39494314789772034
-0.49210870265960693
-2.0839412212371826
-1.195936918258667
-0.43816548585891724
-1.58364737033844
-0.5647062063217163
0.21899423003196716
-0.8383702039718628
-0.6782466769218445
-0.357352077960968
1.2773619890213013
-0.23249003291130066
0.715394139289856
-1.478339433670044
1.090558648109436
-0.5138912200927734
-0.18659667670726776
-1.7639752626419067
-1.4102753400802612
-0.2834337651729584
0.6505380868911743
0.15952345728874207
0.038755517452955246
-1.0586962699890137
0.556044340133667
-0.761719822883606
1.0254082679748535
1.213481068611145
0.27476972341537476
-1.533565640449524
-0.5157385468482971
-1.8072516918182373
-1.5124539136886597
-0.5484505295753479
0.9644112586975098
-0.9862974882125854
-1.1647570133209229
1.3439861536026
-0.07551796734333038
-1.9105273485183716
0.4130675494670868
1.210792064666748
0.8440518379211426
-0.3268144428730011
0.9240891337394714
0.45170077681541443
-0.3651384711265564
0.10323043912649155
-0.8725449442863464
-0.16879761219024658
1.4767725467681885
-0.4160929024219513
-0.42364999651908875
-0.2783997356891632
0.19552657008171082
0.21495947241783142
-0.24610930681228638
0.18019989132881165
0.7354514002799988
0.010224811732769012
-0.1945623755455017
-0.37816882133483887
0.5266438126564026
-0.010084855370223522
0.009799585677683353
-1.8419798612594604
0.953056812286377
-0.07959935069084167
-1.0003876686096191
-0.8920531272888184
-2.0149974822998047
0.532076895236969
0.5349512100219727
-0.4360181987285614
1.5985580682754517
0.34701114892959595
1.357146143913269
-0.7136299014091492
0.1964229792356491
-1.8105823993682861
0.7448846101760864
0.5978304147720337
-0.4390428364276886
0.6563690900802612
1.245314359664917
-0.6703823804855347
-1.6210702657699585
0.555546224117279
-1.037461757659912
0.8252401947975159
-0.48135989904403687
-0.5245575904846191
-0.9078145027160645
0.17986436188220978
0.2055313140153885
-1.306411862373352
0.4119918644428253
-0.08997786045074463
0.19302985072135925
-0.48163238167762756
0.4164762794971466
0.6903514862060547
1.7328397035598755
1.2680385112762451
0.3178573548793793
-0.4992052912712097
-1.799748420715332
0.17793682217597961
-0.019632315263152122
0.3237312138080597
0.6603707671165466
-0.9907494187355042
2.16272234916687
0.6708827614784241
-0.15953251719474792
-0.10858183354139328
-1.7647814750671387
0.3374660909175873
1.700674295425415
-0.7619189023971558
-0.06796439737081528
-0.8974834084510803
0.3494020700454712
-0.8340451717376709
-0.7842865586280823
1.8812412023544312
0.5452183485031128
-1.445169448852539
0.8488936424255371
1.5697963237762451
0.4929787218570709
-0.12326834350824356
0.38451191782951355
-0.3594212234020233
-2.1557505130767822
0.15138208866119385
-1.271024465560913
-1.4014338254928589
-1.3300938606262207
-0.03002043068408966
0.08230498433113098
-0.451449990272522
-1.3421419858932495
0.5324816703796387
0.8443180918693542
0.1386023461818695
0.8161358833312988
-0.2594526708126068
1.186610460281372
1.5399260520935059
-0.6489377021789551
0.18268634378910065
-0.6355745196342468
-0.1403718888759613
-0.18875059485435486
-0.46404147148132324
-0.0800245851278305
-0.0474734827876091
0.005480027291923761
-0.10873952507972717
2.0683083534240723
1.6945672035217285
-0.19224520027637482
0.14023160934448242
-0.26004162430763245
0.27011439204216003
-0.22443890571594238
-0.853460431098938
-2.491533041000366
-0.19905264675617218
0.20813170075416565
0.25885576009750366
1.1214295625686646
0.9817509055137634
0.9646731615066528
0.6875426769256592
-0.18475709855556488
1.2902123928070068
-1.2423681020736694
-0.8285130858421326
-0.569178581237793
-0.9645384550094604
1.7412426471710205
1.2327816486358643
-1.6115024089813232
-0.4106210172176361
1.2672114372253418
0.32340574264526367
-2.038583517074585
-0.31613194942474365
1.3955689668655396
1.2237277030944824
-0.9724892973899841
0.13214971125125885
-1.2018741369247437
-0.4460238516330719
-0.7932103276252747
-0.7276101112365723
-1.0109483003616333
-1.0006130933761597
-0.4224521815776825
0.31657373905181885
0.6776795983314514
-1.8396658897399902
-0.589268684387207
-1.4056153297424316
1.9412175416946411
0.8563463687896729
1.2952693700790405
-0.6358476281166077
0.036283593624830246
0.6356674432754517
1.599671721458435
0.1268492341041565
-1.0252971649169922
-0.37291592359542847
-1.3270201683044434
0.14038656651973724
-0.5583532452583313
2.131228446960449
1.6712729930877686
0.294829398393631
0.8462558388710022
0.6961756348609924
-0.6374783515930176
1.0353190898895264
0.12183879315853119
0.8274191617965698
-0.9026184678077698
-0.3171223998069763
0.3735696077346802
-0.4359632730484009
-0.40059760212898254
0.41981902718544006
-0.31343522667884827
-0.48240599036216736
0.8269662261009216
-0.04495430737733841
-2.266463279724121
1.622520089149475
-0.7300130128860474
-0.6659045815467834
1.0472999811172485
-0.9937888979911804
0.9424430131912231
-0.9932582974433899
-1.727410078048706
0.28030121326446533
0.7943626642227173
-1.6998355388641357
-0.568437397480011
1.2384721040725708
-0.2976668179035187
-0.7806559801101685
0.185188889503479
0.024351878091692924
1.5605555772781372
-1.069535493850708
0.347788542509079
-1.0713165998458862
0.5032052397727966
-0.7472302317619324
1.669649600982666
1.9691334962844849
0.12168081849813461
-0.501237690448761
-0.09902683645486832
-0.19202685356140137
0.32553979754447937
-0.17009307444095612
-0.3398512601852417
1.0557950735092163
-1.3792457580566406
1.0366475582122803
0.20863385498523712
-0.7483891248703003
0.0759715735912323
0.36713486909866333
-0.5890663862228394
-0.05865152180194855
0.49317991733551025
-0.793244481086731
0.26364362239837646
0.04347621649503708
0.34385251998901367
0.6621847152709961
1.6666368246078491
-0.9754018187522888
-0.20652571320533752
1.6691014766693115
0.23277495801448822
-0.19166305661201477
0.7834398746490479
-0.6491085290908813
-1.1340372562408447
-1.0918039083480835
-0.28288158774375916
-0.30564990639686584
0.3916820287704468
-0.053649794310331345
0.7959274053573608
0.5808941125869751
-1.5030876398086548
-0.698850691318512
0.04527335241436958
0.5959688425064087
-1.4675579071044922
-0.32251444458961487
1.1699514389038086
-1.513771653175354
0.09248965233564377
-1.5431567430496216
-0.027378223836421967
-0.32351064682006836
-1.786026120185852
-0.2127898633480072
1.0176690816879272
0.6509130597114563
-1.4792600870132446
-1.32344388961792
-1.7939480543136597
0.27997639775276184
-1.3117003440856934
-0.08096915483474731
-0.3973281681537628
-1.1411635875701904
0.8038872480392456
-0.6845118403434753
1.1130585670471191
-0.4878844916820526
0.8521035313606262
1.2426615953445435
1.0494369268417358
-1.1475988626480103
-0.36094164848327637
0.20345032215118408
0.27331721782684326
-0.953583300113678
0.8932451009750366
0.9991821646690369
-0.9905113577842712
1.7146612405776978
-0.2734985947608948
-1.826669692993164
1.6573432683944702
-1.8585575819015503
-1.5382193326950073
0.15742334723472595
-1.0179492235183716
-0.604828417301178
0.6347675919532776
-1.927366852760315
1.162737488746643
-0.28767189383506775
1.0388761758804321
0.11361366510391235
0.7749634981155396
-0.17241781949996948
0.2992669939994812
-0.8223538994789124
1.0146023035049438
1.4278137683868408
-0.0034892663825303316
0.5134366750717163
0.8890776038169861
1.5552297830581665
0.8350059390068054
-0.04430151730775833
1.0559951066970825
-0.4198988676071167
-0.14352081716060638
0.6519231796264648
-0.03297778591513634
0.03753797709941864
1.8006919622421265
-0.7061368227005005
-0.6167629361152649
0.6363570094108582
-0.6555954813957214
-1.2549275159835815
0.9666441082954407
0.3083881735801697
0.09255767613649368
1.7098960876464844
-0.07414308190345764
-1.883360743522644
1.8481789827346802
0.06674863398075104
1.333911657333374
1.0599592924118042
-0.6780548095703125
-0.8945311903953552
0.2604524791240692
0.42114439606666565
-0.8739814162254333
-0.5073462724685669
0.8980546593666077
-1.4791828393936157
0.281204491853714
1.0578144788742065
0.5975291728973389
-1.270843744277954
0.8943838477134705
1.834873914718628
0.5782769918441772
0.2824020981788635
-0.2540436387062073
0.06983800232410431
1.3584775924682617
0.5727131962776184
-0.1414082944393158
-0.6759044528007507
-0.9329399466514587
1.6507643461227417
0.38556671142578125
0.35129314661026
0.44602176547050476
-0.1514769345521927
-0.7723236680030823
-1.227221131324768
1.4365653991699219
0.2538587749004364
1.1203794479370117
1.1439515352249146
-2.253323793411255
0.10384639352560043
0.07645626366138458
0.8574004173278809
0.7653397917747498
2.920452833175659
-0.24963940680027008
0.2179006040096283
-0.6733641028404236
-1.5945287942886353
1.1519502401351929
-0.09244932234287262
-1.4961557388305664
0.05411006882786751
-0.01815754547715187
0.2799796760082245
-0.4827967882156372
0.6149181127548218
-0.20294925570487976
-1.7042253017425537
-0.11360546946525574
-0.031821880489587784
0.39182189106941223
0.22667232155799866
-0.8173388838768005
0.4773564338684082
-0.16866113245487213
0.6758133172988892
-1.103617787361145
0.6014206409454346
-1.3433767557144165
-0.4497684836387634
0.1486184448003769
-0.38774263858795166
-0.9574790596961975
1.2628824710845947
-0.820701539516449
1.0014675855636597
-0.37560540437698364
-0.8673763275146484
-1.2441906929016113
-1.7760825157165527
0.20442156493663788
0.711890697479248
1.2569524049758911
-0.8148502111434937
-1.625860571861267
-0.9281213879585266
-1.4483717679977417
0.5452477931976318
-1.0963090658187866
0.12379365414381027
0.771044135093689
0.23291097581386566
1.7431399822235107
0.23051971197128296
1.194172978401184
0.13027945160865784
0.4837613105773926
-1.3418933153152466
0.4066462516784668
0.6044123768806458
-0.0669436976313591
0.014856805093586445
-1.0511380434036255
1.141249179840088
-0.44316741824150085
0.1867184042930603
0.10699427872896194
-0.2530584931373596
1.5504895448684692
-1.2662668228149414
1.0822757482528687
2.460391044616699
-0.888038694858551
2.661935329437256
-0.09906840324401855
0.08354245871305466
-1.1333836317062378
-1.5979031324386597
0.6989509463310242
-0.39682281017303467
-0.4524545967578888
-0.09206148236989975
0.2281966656446457
-1.0701167583465576
-0.2614007890224457
-0.2499438375234604
-0.5158054232597351
-0.2059575617313385
0.16176064312458038
-0.9431894421577454
-0.7224076390266418
0.01268494501709938
-0.9626291394233704
1.7030317783355713
0.5558095574378967
0.06140121445059776
-1.350049376487732
-0.29361236095428467
-1.0799896717071533
0.0011289723915979266
-0.6779770255088806
-0.40956035256385803
0.38430914282798767
-0.6043325066566467
-0.5122339129447937
-1.2085374593734741
0.23459583520889282
-2.6417148113250732
1.880257248878479
-0.2813708186149597
-0.7875275611877441
1.7021422386169434
0.18428944051265717
0.14215746521949768
-1.5888776779174805
1.1657711267471313
0.4830073118209839
0.47558629512786865
-1.0703638792037964
0.5474410057067871
-1.1119675636291504
-1.0405851602554321
2.328253746032715
-0.2802949547767639
-0.24195483326911926
0.2764507830142975
-2.198568820953369
0.18550066649913788
-0.2574743628501892
-0.8104466795921326
-1.660437822341919
0.573716402053833
-0.3268626034259796
-0.5524955987930298
-0.9448557496070862
-0.14878243207931519
-0.21950680017471313
-1.346054196357727
1.3130943775177002
0.17242157459259033
-1.119825005531311
2.303576707839966
0.3920578360557556
-0.491714745759964
1.179045557975769
-0.6264382004737854
1.6562422513961792
-1.217778205871582
-0.26798439025878906
-2.018249273300171
0.052743732929229736
0.707082211971283
-0.19236335158348083
-0.9221740961074829
2.3304789066314697
-1.3635950088500977
-0.09809256345033646
0.8806750774383545
0.1556786745786667
0.4528144299983978
-0.21175658702850342
0.20940880477428436
-1.5974942445755005
0.3305482864379883
0.28043779730796814
-0.22944185137748718
2.3467857837677
-0.15741266310214996
1.4603301286697388
-0.09297166019678116
-1.2886285781860352
0.3835858702659607
1.1316847801208496
0.4769577085971832
0.44193482398986816
0.9041447639465332
-0.617920458316803
0.48200589418411255
-0.9238905310630798
-0.7444661259651184
1.02097749710083
0.29324087500572205
0.9826268553733826
1.0162290334701538
-0.7387023568153381
-0.9002110958099365
-2.0301620960235596
-1.4594676494598389
-0.15070071816444397
0.2636193335056305
-0.16236619651317596
0.1341562569141388
1.917884349822998
1.3505921363830566
-1.027509093284607
-1.6825222969055176
-0.5426620841026306
0.07426943629980087
-0.2131546139717102
1.8905137777328491
0.8605112433433533
-0.570237398147583
-0.640295147895813
1.2037467956542969
-0.18172264099121094
-0.8080759048461914
0.2473316490650177
-0.0706021711230278
0.8065797090530396
-1.6151751279830933
0.6419101357460022
0.4487032890319824
0.6907849311828613
0.5943430662155151
-0.1948539912700653
1.1046767234802246
-0.22019805014133453
0.8050974607467651
0.36969226598739624
0.8301878571510315
-2.2221548557281494
1.1297932863235474
0.9196369647979736
1.5946532487869263
0.07286368310451508
1.1491062641143799
-0.4487660229206085
-0.562667191028595
0.6176980137825012
-1.1715660095214844
-0.6550543308258057
-0.2703225612640381
1.2410943508148193
-1.5912061929702759
-1.4627019166946411
-0.590128481388092
0.6834830641746521
-1.6089051961898804
-0.6359618306159973
-0.1671229749917984
-0.9636812210083008
-1.0312374830245972
1.685693621635437
-0.5751473307609558
-1.7500677108764648
-0.0023216046392917633
-1.3511738777160645
0.02481810562312603
0.6709394454956055
0.0713200643658638
0.6690527200698853
0.470939964056015
0.12279941886663437
0.6075311303138733
-0.6626663208007812
0.7243912816047668
-0.6265068650245667
-0.4489840567111969
-2.097123861312866
-0.18280212581157684
0.5111382007598877
-1.3821690082550049
2.2724413871765137
1.2537448406219482
-2.639613628387451
0.6421478986740112
-0.6099502444267273
-0.47508808970451355
-1.813166856765747
0.1452905535697937
0.6448298096656799
1.7956502437591553
-0.9401584267616272
1.1413846015930176
1.1075263023376465
0.8284204602241516
-1.8538254499435425
1.0219643115997314
0.31993335485458374
0.9496848583221436
0.16768421232700348
0.35002562403678894
0.0017934634815901518
-0.4148387312889099
0.5297114849090576
-0.08697199076414108
1.1802504062652588
-1.3621046543121338
-1.9626408815383911
-0.2226584106683731
-1.4127018451690674
0.08275771886110306
0.8468378782272339
-0.7276486158370972
0.33868730068206787
0.6250684857368469
0.9974817037582397
0.057845860719680786
-0.18744194507598877
-1.9090194702148438
-0.7225985527038574
0.8936209678649902
0.7433029413223267
1.7406913042068481
0.1489013284444809
-1.9558250904083252
-1.1739263534545898
0.8573828339576721
0.43663516640663147
-1.2940982580184937
0.21171703934669495
1.1959975957870483
-0.2086842805147171
-0.33169710636138916
-0.12520743906497955
0.46708008646965027
-0.5662250518798828
0.7494959831237793
-0.41654056310653687
0.01812608912587166
1.2856460809707642
-1.1178330183029175
-0.6194755434989929
-0.9518951773643494
1.8417161703109741
0.11487890034914017
0.14092601835727692
1.1092894077301025
-2.3879451751708984
0.22458000481128693
1.638414978981018
-1.0532441139221191
-1.215280294418335
1.187125563621521
0.3905540108680725
0.6931191682815552
-1.073748230934143
-1.0989238023757935
-0.31489431858062744
0.09420368820428848
1.611824870109558
0.6926627159118652
0.9483466744422913
-0.22272305190563202
0.02971595898270607
0.9242609143257141
0.6429157257080078
0.24857191741466522
0.5400534272193909
1.032793641090393
-1.9425987005233765
-0.10159004479646683
0.09508156776428223
0.17165221273899078
0.6702789068222046
0.859821081161499
0.9177692532539368
0.7944092750549316
-0.11076955497264862
-0.38132143020629883
-0.522344172000885
-1.1089963912963867
0.9036412239074707
0.048677727580070496
-0.22409497201442719
-0.3510427176952362
-2.6212332248687744
0.6196812391281128
-0.07991314679384232
0.6139370203018188
-0.22304892539978027
-1.2817294597625732
0.5711894631385803
-0.7641202211380005
0.36131373047828674
0.6775546073913574
-0.7691006064414978
-1.154566764831543
-1.680911898612976
-0.47314006090164185
-0.4062216281890869
-0.4736900329589844
0.68197101354599
0.23875795304775238
0.2832838296890259
-0.624387264251709
0.17240747809410095
-0.398911714553833
0.4369804859161377
-0.7072106599807739
0.4662160575389862
-0.07488994300365448
-0.48371660709381104
1.01827073097229
-0.8352514505386353
0.19157226383686066
-0.24169085919857025
0.5288914442062378
-0.6680390238761902
1.166365385055542
0.31379398703575134
-2.4975857734680176
-1.5900795459747314
0.7762718200683594
-0.7379439473152161
-2.7154922485351562
0.9331995248794556
-0.7759848833084106
0.3290511965751648
-1.7713857889175415
-1.571179986000061
0.2575680911540985
-2.3700759410858154
0.4344232380390167
0.1056877002120018
1.0459198951721191
-0.20671631395816803
1.2342780828475952
-1.3164376020431519
0.257397323846817
-1.3965321779251099
-0.14566820859909058
0.9552160501480103
-0.3935588598251343
0.463317334651947
0.13664859533309937
0.8750779032707214
-0.7507916688919067
0.9579625129699707
-0.2602081596851349
0.15693330764770508
1.304213285446167
-0.06441079825162888
-0.6251468062400818
-0.14497749507427216
0.5940541625022888
0.9068251252174377
0.6292052865028381
-1.608736276626587
1.1239659786224365
-1.313272476196289
2.2465391159057617
1.7195395231246948
2.0944645404815674
1.7539180517196655
0.34526965022087097
-1.8107715845108032
-0.5286344289779663
0.10540878027677536
-1.18296217918396
-1.2511379718780518
-0.9813852906227112
0.6845581531524658
0.26691651344299316
0.3639169931411743
1.0374696254730225
-1.0285295248031616
0.8564704060554504
-0.09028970450162888
-0.1719944030046463
-0.6318576335906982
-0.28000763058662415
0.4715557098388672
0.3359927833080292
-0.7807142734527588
2.649721384048462
0.5009362101554871
1.078225016593933
-0.7139219045639038
-1.1514674425125122
1.4616222381591797
0.05644639953970909
-1.1490050554275513
1.4261600971221924
-0.6656825542449951
2.166102170944214
0.5612012147903442
-1.0299301147460938
-0.49788811802864075
-0.30578672885894775
-0.7428393363952637
-0.9200435876846313
0.4257897734642029
1.218000054359436
-0.9849159121513367
0.10897661000490189
0.10344577580690384
1.6217588186264038
-0.05416211485862732
1.2118655443191528
-0.49290308356285095
1.7133771181106567
0.28242483735084534
-0.9858826398849487
1.327465534210205
0.2421470731496811
-1.1902399063110352
-0.4615946412086487
-1.0388786792755127
1.2149635553359985
-0.6219074726104736
0.8217246532440186
1.3016057014465332
1.1032265424728394
-0.5973044633865356
-1.6798120737075806
-1.7938368320465088
-1.1632225513458252
1.18938148021698
-1.0165083408355713
0.5968353152275085
0.8944633603096008
0.44074344635009766
0.3097752630710602
-0.46538200974464417
1.5716185569763184
0.9962767958641052
-0.09023379534482956
0.04561161994934082
-0.49644044041633606
-0.4510194659233093
0.35275572538375854
-0.384906530380249
-0.7451525926589966
2.4595515727996826
-0.3402138352394104
-0.8567754626274109
0.3722030222415924
0.8383176922798157
-0.27664509415626526
-0.03796405345201492
-0.2859130799770355
0.2518036365509033
-1.7634844779968262
-0.8555929064750671
-0.06978829205036163
1.6098389625549316
-0.9132820963859558
-0.4370062053203583
-1.1408848762512207
-0.23405325412750244
-1.002628207206726
0.021719207987189293
0.4075967073440552
-1.2683829069137573
-1.1576675176620483
-2.1639034748077393
-0.08572615683078766
-0.6545551419258118
0.3097195029258728
-0.1884048581123352
-0.977495551109314
-0.981178879737854
-0.36882832646369934
-1.2022595405578613
1.1014858484268188
-1.1421692371368408
-0.47004902362823486
0.19526593387126923
-0.03991477191448212
1.5446646213531494
0.2826654016971588
-1.8485891819000244
1.0231420993804932
0.6419609189033508
-1.3418519496917725
-0.41817840933799744
-0.4927026629447937
-0.18960772454738617
0.5171518325805664
3.05212664604187
-0.49712440371513367
1.51954185962677
0.11829572170972824
0.050427231937646866
-0.4821772873401642
-0.4493260085582733
1.025843858718872
0.22703023254871368
0.9073317050933838
-1.143847942352295
-0.8839179277420044
-0.4981895387172699
0.09733574092388153
0.3502024710178375
1.9108366966247559
-0.5042117238044739
-1.5586940050125122
1.1260654926300049
0.5315824151039124
0.029874935746192932
-0.4221000075340271
1.8200093507766724
0.8055403232574463
-0.017854005098342896
1.1633628606796265
-1.5296635627746582
-0.08774084597826004
-2.5276033878326416
-0.25174182653427124
-0.5497055053710938
2.2284605503082275
-2.5285911560058594
0.2784176170825958
0.25785747170448303
-0.23882225155830383
0.05171455442905426
-1.2540289163589478
-0.14331836998462677
0.6001595258712769
0.23261968791484833
-0.4345177114009857
1.019180178642273
0.31426942348480225
-0.1314406841993332
-1.1338716745376587
0.09776179492473602
0.6841529011726379
1.877482533454895
0.8825829029083252
0.7787746787071228
0.7956134080886841
0.6830316185951233
-0.6957758069038391
-0.08179976791143417
-0.7709483504295349
1.1028964519500732
0.6052536368370056
-1.2826694250106812
-0.6929348111152649
0.9265940189361572
-0.04345553740859032
0.7151322364807129
-0.2869848906993866
-0.8733689785003662
-0.1045459732413292
1.0539984703063965
-0.7913774847984314
0.9321003556251526
-0.7166656255722046
0.5895001292228699
-0.10316722840070724
-0.5514057874679565
1.1631203889846802
0.7454713582992554
-0.7810447216033936
-0.0054671624675393105
0.40084826946258545
0.08326608687639236
-0.9341395497322083
-0.034434761852025986
0.9390407800674438
-0.505100667476654
-0.4401218295097351
0.17417550086975098
0.3529038727283478
-0.603571355342865
1.1953336000442505
-0.3421230912208557
-0.3134252727031708
-0.646005392074585
1.1412172317504883
-0.6060354709625244
1.5896434783935547
-1.0068714618682861
-0.49871405959129333
1.7795528173446655
-0.3082345128059387
-0.2039634883403778
0.9196105599403381
0.5829727649688721
0.9268259406089783
0.8562681674957275
-1.5825953483581543
0.5867424011230469
-1.0827678442001343
-0.6774585843086243
-1.2812612056732178
-0.42991575598716736
-1.717285394668579
-0.4380584955215454
-0.17307904362678528
-0.5492265224456787
1.0797314643859863
-1.4959384202957153
-2.031928300857544
0.9455162286758423
-0.01267559826374054
1.191258192062378
-2.7815136909484863
-0.10832493752241135
0.08330153673887253
-1.1082980632781982
-0.20967814326286316
1.107591152191162
-0.24972392618656158
2.1714611053466797
-0.6625221371650696
-0.5250251293182373
-1.6218934059143066
-1.5697734355926514
0.6788937449455261
0.862298309803009
0.6594077944755554
-1.228441596031189
-1.1003767251968384
0.9856156706809998
-0.8701086640357971
0.14418424665927887
-1.5236444473266602
1.2864750623703003
0.25848188996315
-0.49417656660079956
0.8487992286682129
-1.4065173864364624
0.32602283358573914
0.21688604354858398
1.660532832145691
0.7751612663269043
-0.7262879014015198
0.5248780250549316
-1.3902828693389893
0.06773075461387634
1.373339295387268
1.162606954574585
0.1377648562192917
-1.0556485652923584
-0.4628969728946686
0.15426696836948395
-0.623056173324585
-1.1200003623962402
-0.8882651925086975
0.6112836003303528
2.5097455978393555
-0.9944473505020142
0.04306827113032341
1.4313651323318481
-0.3000689744949341
-0.262217253446579
0.26073211431503296
-1.340778112411499
0.9537178874015808
0.3375515043735504
-0.9219666123390198
-0.44477689266204834
-0.09300366044044495
-0.48859328031539917
-1.2555322647094727
1.6736596822738647
0.8982626795768738
-1.0035525560379028
-0.012943747453391552
0.5898550152778625
0.04679340869188309
-0.5139362812042236
0.11609064787626266
-0.252225786447525
-0.6180799007415771
-0.4101778268814087
-0.7268931269645691
-1.4005169868469238
-0.37658557295799255
0.435503214597702
-0.8684833645820618
-0.9303625822067261
-0.5747847557067871
0.602440595626831
1.9813520908355713
-0.02504119463264942
0.24592529237270355
-0.90530925989151
0.7022296190261841
-1.0365771055221558
0.6796475648880005
1.7726469039916992
1.1020050048828125
0.42423397302627563
-0.6832269430160522
0.11694689840078354
0.21018578112125397
1.4910036325454712
0.08823936432600021
-0.29439595341682434
2.930938243865967
-0.7338590025901794
-1.0590767860412598
0.5791260600090027
-0.6426125168800354
0.8774926066398621
-1.677185297012329
-1.166446566581726
-0.902040958404541
-0.6053318977355957
-0.8405157923698425
-0.17175094783306122
0.32596835494041443
0.31548333168029785
-0.5462327003479004
0.5211024284362793
0.2687132656574249
-0.2676844298839569
-0.9670831561088562
-1.5377616882324219
0.16286392509937286
-0.22966960072517395
0.7800776958465576
-0.7340009808540344
-1.1299391984939575
-0.7608575820922852
0.17886818945407867
2.4755420684814453
-1.523379921913147
0.5178894400596619
-0.1546594649553299
-0.17374920845031738
-1.1941564083099365
-0.8350992202758789
-0.3984917998313904
-0.42553287744522095
-0.4471735656261444
0.13533103466033936
1.1627857685089111
0.013157235458493233
0.12418407201766968
-1.7409982681274414
-1.0583062171936035
-0.788399338722229
-2.3683528900146484
0.44547879695892334
0.2591724097728729
-1.8192511796951294
2.060253858566284
1.2914515733718872
0.2735636234283447
-1.5602694749832153
-0.08069165050983429
-0.1411285251379013
-0.0009737522923387587
0.4054540991783142
0.06144360452890396
-0.4967089891433716
-0.5979700684547424
-0.43332991003990173
-1.021275520324707
-2.3662075996398926
0.015034804120659828
1.228515625
0.738824725151062
0.7775680422782898
0.12105061113834381
0.040410201996564865
-0.3005974292755127
-1.539048671722412
0.2586158812046051
-1.9722718000411987
1.1931538581848145
0.22011955082416534
1.3386175632476807
-0.1563996523618698
0.03266119956970215
0.5896105766296387
-2.382187604904175
0.9313940405845642
0.8223188519477844
1.0732097625732422
-0.3584401607513428
-1.3916053771972656
0.8755623698234558
0.7642742395401001
-0.40793362259864807
-0.7919686436653137
-0.022790156304836273
-1.2405669689178467
-0.36178240180015564
1.123456358909607
-0.4885963499546051
-0.5619115233421326
0.39893463253974915
0.8549401760101318
-0.5516870021820068
1.2883923053741455
0.6270674467086792
-0.19476045668125153
0.2012818306684494
1.0573307275772095
-1.280370831489563
-0.7431368231773376
0.805702269077301
0.038404930382966995
0.10582629591226578
-0.606156587600708
2.8555798530578613
2.43754506111145
-0.8307855129241943
-1.9571503400802612
1.6709767580032349
-0.9512847661972046
0.537065327167511
-0.2922668755054474
2.2027409076690674
-0.46776822209358215
0.026972468942403793
0.4620651304721832
-0.4964517652988434
0.33645743131637573
1.6398741006851196
0.372135728597641
0.6973753571510315
1.556935429573059
0.07891706377267838
0.47349125146865845
1.3065276145935059
0.36469870805740356
-0.5911951065063477
0.39155855774879456
-0.6103427410125732
-1.6692421436309814
-1.4624035358428955
-0.37417784333229065
1.1039634943008423
-1.5051335096359253
0.9730672240257263
-0.8179347515106201
0.3186112940311432
0.8404381275177002
-1.0370970964431763
1.853242039680481
-0.5400999188423157
-0.017655279487371445
0.39925697445869446
-1.8600527048110962
0.9087043404579163
-1.2530008554458618
-0.7844510078430176
1.7040297985076904
-1.0766023397445679
0.18536554276943207
1.6291990280151367
0.32254308462142944
0.3247285485267639
0.9620705246925354
0.9501747488975525
0.9160300493240356
-0.2068193107843399
0.4931676387786865
0.41164135932922363
-1.613675594329834
-0.570282518863678
-2.078364372253418
-0.9680624604225159
0.006322950124740601
1.1600409746170044
-2.8033018112182617
0.5649557113647461
0.3446279764175415
-0.21721205115318298
-0.8673999905586243
0.7926967144012451
0.0750044509768486
-0.6032088398933411
-1.2847963571548462
-1.4352197647094727
-1.0119373798370361
1.9254019260406494
-0.6677009463310242
-0.820905327796936
0.6849216818809509
-1.818102240562439
2.1958303451538086
-1.4436262845993042
-1.4221631288528442
0.6128194332122803
0.2125128209590912
-0.21974149346351624
-0.25580286979675293
0.4302767813205719
-0.00971396267414093
-0.719283401966095
-0.3778682351112366
0.4175975024700165
0.2847980856895447
1.26365065574646
0.9132554531097412
0.9871840476989746
1.6062393188476562
-1.433599829673767
-1.5074717998504639
0.1823846846818924
0.9738484621047974
-0.936661958694458
2.027597427368164
0.20708613097667694
-0.7886687517166138
-1.5300973653793335
-0.42687562108039856
1.2876545190811157
0.40176478028297424
0.5204686522483826
-0.37564313411712646
0.9031867384910583
-0.3680780231952667
-0.6613633632659912
0.007454556412994862
-0.1607847362756729
0.197066068649292
0.050995051860809326
0.3865721821784973
2.0351827144622803
-0.5638616681098938
0.16011328995227814
1.154427170753479
-0.015976302325725555
0.22413195669651031
1.8737590312957764
-1.9228105545043945
-0.7203946113586426
0.4855985939502716
1.0000678300857544
-1.120322585105896
0.4432818293571472
-2.8662636280059814
-0.6668465733528137
1.7050129175186157
0.6442164182662964
-2.3440072536468506
1.3175652027130127
-0.7273842096328735
1.6945228576660156
-1.3806068897247314
-1.6215698719024658
-0.9597582817077637
3.2777509689331055
0.8740421533584595
0.3658648133277893
0.6022251844406128
-0.5044352412223816
0.6105842590332031
-0.019968925043940544
-0.13154065608978271
-0.1314193308353424
0.7588760852813721
-1.0926706790924072
0.9566265344619751
0.5785708427429199
0.24715225398540497
-0.9892157316207886
-0.35564932227134705
0.30756646394729614
-0.052561137825250626
0.3770444989204407
0.5932121276855469
0.9632056355476379
-1.5296008586883545
-0.06065407395362854
-1.2736843824386597
-0.19066965579986572
-1.1561230421066284
-0.6305293440818787
0.536342203617096
-1.344622254371643
-0.53168123960495
0.45996782183647156
-0.5974331498146057
0.31603556871414185
-2.016659736633301
-1.585476040840149
-1.5898394584655762
0.991524338722229
1.0340592861175537
0.02945083938539028
0.07866664975881577
0.5059330463409424
0.16595515608787537
-0.2598079741001129
-0.1483619213104248
1.8042749166488647
0.48462608456611633
-2.096848249435425
0.5339857339859009
2.151850938796997
0.8644516468048096
-0.030254844576120377
0.6141427755355835
-0.3044099807739258
1.0390955209732056
-0.9963615536689758
0.9260138869285583
2.4495365619659424
0.4779987633228302
-0.3841229975223541
-0.0365663580596447
1.2217345237731934
-0.0617351271212101
-0.15520450472831726
0.2565940320491791
0.393170028924942
0.02079959399998188
0.47258707880973816
0.9559624195098877
-0.8710972666740417
1.1410950422286987
-0.9647206664085388
-0.4658181667327881
-1.2328418493270874
0.0991547480225563
0.314657598733902
0.5741556882858276
-0.1718694567680359
1.0402114391326904
-1.7408862113952637
0.6130715012550354
1.009285569190979
-2.2341129779815674
-2.891965866088867
0.9751331210136414
-0.2428223341703415
-0.5460917353630066
0.46587589383125305
-0.10661596059799194
1.6152544021606445
0.308840811252594
0.12017014622688293
-0.06186618655920029
0.6552175879478455
-1.0347867012023926
2.2756054401397705
-1.915208101272583
0.6448346376419067
0.32651394605636597
0.05227334424853325
1.1986476182937622
-0.04804861545562744
0.8863368630409241
1.4476536512374878
0.6992563009262085
0.12203259021043777
0.46005356311798096
0.940805971622467
1.604379415512085
0.354999840259552
0.964926540851593
0.7074388861656189
0.20844416320323944
1.512255311012268
0.6841284036636353
-1.766433596611023
2.3855326175689697
0.5788936018943787
-0.0745614543557167
0.557977020740509
1.4252935647964478
-0.03139468654990196
-0.3641398251056671
-0.2105339765548706
-0.21830308437347412
0.9865954518318176
-0.3866381049156189
0.7358227372169495
-0.06782756000757217
2.5808653831481934
-1.0218449831008911
1.962996482849121
1.0654807090759277
1.7075128555297852
0.684364914894104
-0.23479785025119781
-0.9803164601325989
1.010332703590393
0.43122240900993347
1.647027611732483
-1.2836774587631226
0.16196392476558685
-0.5849941372871399
-0.9512965679168701
0.46659907698631287
0.8839841485023499
-0.736187219619751
0.5446975231170654
1.3012890815734863
-0.04803861305117607
-0.23103110492229462
-1.1359466314315796
-0.2009553611278534
-0.25377726554870605
0.03460599482059479
0.025655308738350868
0.950711727142334
1.199241042137146
0.2334851175546646
-1.2833383083343506
1.1267333030700684
0.7574130296707153
0.8072426319122314
1.8894706964492798
0.6068364977836609
-0.35185810923576355
-0.33126768469810486
0.33028265833854675
0.39194944500923157
1.3331362009048462
-0.23751994967460632
1.1638895273208618
0.2309473305940628
1.293628454208374
1.6409642696380615
0.7244926691055298
-0.10920798778533936
-2.497987985610962
1.3880707025527954
1.06069815158844
-0.17714224755764008
-0.9452390074729919
-0.6480274796485901
-3.4455134868621826
0.07642743736505508
0.8844946622848511
0.4319439232349396
0.07930392026901245
0.8491294980049133
-0.5495073795318604
-0.47226855158805847
-0.08652357012033463
-0.8001014590263367
-0.001043109456077218
-0.5723229646682739
0.457884281873703
-0.22723650932312012
0.24617360532283783
-1.0388773679733276
-0.9715220332145691
0.8511446714401245
-0.5277767181396484
-1.5564987659454346
-1.9142006635665894
0.5891234278678894
0.442394495010376
0.7066612243652344
0.4215103089809418
0.4664914011955261
0.11671418696641922
0.23834337294101715
1.5399277210235596
-1.3157662153244019
-0.20816807448863983
0.638483464717865
-1.1736714839935303
0.3686562776565552
-1.1507853269577026
-0.24478846788406372
-0.4088960587978363
0.1726209670305252
-0.03586043417453766
-0.8933804631233215
-0.6091843843460083
1.9496185779571533
-0.991241991519928
0.05186827853322029
-0.21294499933719635
2.2913174629211426
-0.303229957818985
-0.10817764699459076
-0.8541094660758972
-0.28938308358192444
-0.45881012082099915
0.21517503261566162
0.8332976698875427
0.501778244972229
0.6330084204673767
0.42328229546546936
-0.03741874173283577
-1.5547269582748413
0.7586286664009094
-1.376962423324585
0.5613252520561218
-0.845862865447998
0.024623258039355278
0.7556907534599304
-0.5575965642929077
-2.9436569213867188
-0.2464912086725235
-0.35657843947410583
0.7765884399414062
0.334038645029068
1.3986997604370117
-0.3313029706478119
0.33305734395980835
-0.27313926815986633
0.015754887834191322
-1.0289788246154785
-1.7784130573272705
1.2681223154067993
-0.744805097579956
0.3098660707473755
-0.4948137104511261
-0.4997027814388275
0.1670546978712082
0.23435170948505402
-1.0981948375701904
-0.8950108885765076
-0.30409523844718933
-0.8227675557136536
0.5749949216842651
0.25432533025741577
0.8535305261611938
-0.4890305697917938
-0.5819190144538879
-0.464139848947525
1.0493831634521484
1.6825255155563354
-0.6000766754150391
0.0784347653388977
1.8621283769607544
-1.814456820487976
-0.7596282958984375
-1.4329297542572021
-0.47966450452804565
0.2970884442329407
1.6775952577590942
-0.6881508827209473
0.02910342440009117
0.6840373873710632
0.39226603507995605
-1.8237394094467163
1.8212339878082275
0.3987354636192322
-1.77126944065094
-0.4789547920227051
-0.4442347586154938
-1.4273264408111572
0.28441721200942993
0.27231210470199585
-1.1877632141113281
1.3068054914474487
0.29097551107406616
0.8057453036308289
0.5281426310539246
-1.4475927352905273
-0.9201679825782776
-1.1885995864868164
0.5249314308166504
1.1455086469650269
0.6295726895332336
-1.1808732748031616
-0.16202078759670258
-1.2556439638137817
0.7140295505523682
-0.9211040139198303
-0.37229204177856445
0.3481748700141907
0.12200349569320679
-0.5978020429611206
-1.4001587629318237
0.2723926305770874
-0.5311984419822693
1.7299280166625977
0.08731438219547272
1.2981362342834473
0.6452504992485046
0.07488247752189636
1.6118661165237427
0.01787281408905983
-0.1480797827243805
0.09389272332191467
0.5141571760177612
0.025013411417603493
0.34490227699279785
-1.8713939189910889
0.4497626721858978
0.45238053798675537
0.09472807496786118
-0.40024060010910034
-0.7543641328811646
0.06275234371423721
-1.9331854581832886
0.20161600410938263
-0.2975206971168518
1.0872992277145386
-0.7638732194900513
0.6395239233970642
-2.3279130458831787
-1.1021214723587036
-1.4182528257369995
0.7712580561637878
-1.8557250499725342
-0.5482663512229919
0.8962011933326721
-1.8061895370483398
-0.38396626710891724
-0.39338427782058716
1.112021565437317
0.3827734589576721
-0.6489964723587036
0.05223016068339348
-0.6696423292160034
0.7357841730117798
0.6161406636238098
-0.4392450749874115
-0.23636238276958466
0.78413987159729
0.14299847185611725
1.2715245485305786
0.790690004825592
1.4397292137145996
-1.1316531896591187
1.391284465789795
0.030916109681129456
-0.13425923883914948
-0.2334212064743042
0.017831793054938316
-0.8076171875
-0.7091624736785889
-0.015114659443497658
-0.6691778898239136
-1.6948248147964478
-0.5624528527259827
-1.8388395309448242
0.9055768847465515
-0.5189454555511475
0.30301958322525024
1.6779463291168213
1.4730026721954346
1.2660253047943115
-0.3755829632282257
1.3454070091247559
-1.0564972162246704
-1.5304572582244873
-0.3473186492919922
-1.0155277252197266
0.026012560352683067
0.20072634518146515
-0.7517062425613403
0.24299533665180206
0.4499532878398895
-0.6715774536132812
-0.16696427762508392
0.7050321698188782
1.1923271417617798
1.2256017923355103
-0.5967531800270081
1.076880693435669
0.21696630120277405
1.7144874334335327
0.2865433096885681
0.11612164229154587
0.2851848900318146
-0.8214855194091797
-1.2587757110595703
1.1395477056503296
0.570824146270752
1.149327039718628
-1.427419662475586
0.20453307032585144
0.2914385497570038
-0.707319438457489
1.1447662115097046
-1.0331151485443115
0.06432760506868362
-0.5925866961479187
0.3846730589866638
-0.7626543641090393
0.3483818769454956
-0.7516564130783081
0.2760119140148163
-0.12645457684993744
-1.341557502746582
0.16989880800247192
-0.767013669013977
0.046287037432193756
1.1788986921310425
2.7612969875335693
-0.5401837825775146
2.0385820865631104
2.0040812492370605
0.15534992516040802
-0.15406480431556702
-1.350166916847229
0.5397791862487793
-0.6232438087463379
0.6543166041374207
-0.3510681986808777
-0.3293994665145874
0.3658734858036041
-0.4906547963619232
-0.23580323159694672
-0.29993027448654175
-0.1316135674715042
-1.5576053857803345
0.03182494267821312
0.008610901422798634
0.24094513058662415
0.41635382175445557
-0.6693971753120422
0.4106564223766327
0.3633359968662262
-0.6323347687721252
1.6788139343261719
-0.3346938490867615
-0.6400574445724487
0.3457300662994385
-0.3866574466228485
1.5078762769699097
-2.0659377574920654
0.39698565006256104
1.4732985496520996
0.8880317807197571
-0.5902488231658936
0.09141237288713455
0.64345782995224
0.12530449032783508
1.3147424459457397
1.2544375658035278
0.68758225440979
-0.6869552731513977
-1.4052748680114746
0.4077262580394745
0.35303494334220886
-0.44875606894493103
-0.7986642122268677
1.1804932355880737
-0.6243824362754822
-1.224040150642395
0.07902130484580994
-0.5493595004081726
1.376402497291565
0.15445959568023682
-1.1528840065002441
-0.5902906656265259
1.0700876712799072
-0.06284588575363159
-0.21518969535827637
1.3095020055770874
0.18351371586322784
0.5316399335861206
-0.6780911684036255
-0.5117517709732056
-0.7877147197723389
0.9511812925338745
-1.9350003004074097
1.0868337154388428
0.5459455251693726
0.8373764753341675
-1.5360432863235474
1.361897587776184
-0.8907331228256226
0.48138323426246643
2.0104730129241943
-0.8386303782463074
-0.12677180767059326
-0.25545942783355713
-1.6254771947860718
-1.7974036931991577
-0.4979408383369446
0.6255015134811401
-0.46727409958839417
-0.15564559400081635
0.0695444643497467
0.20349378883838654
-1.9324634075164795
-0.6298123598098755
0.6177842617034912
-0.0011491947807371616
-1.8959259986877441
-0.02350897528231144
0.49700331687927246
0.03608088195323944
-2.416487216949463
0.36801886558532715
0.07342269271612167
2.7601912021636963
-0.2987392246723175
0.4080001413822174
1.140608549118042
-2.1860318183898926
1.6934902667999268
0.5936952233314514
0.7582321763038635
0.39901646971702576
-1.2936372756958008
-1.2147175073623657
-0.8215821385383606
-0.9044173955917358
-0.5808451175689697
0.02551884390413761
-0.8941120505332947
0.8109632730484009
-1.659789800643921
-0.4778301417827606
-1.0925171375274658
-0.14992621541023254
-1.0939829349517822
-0.2564975321292877
1.3402851819992065
0.5125038027763367
0.8277332782745361
-0.1369677633047104
-0.2740170657634735
0.8207710385322571
-0.1876581609249115
-1.552179217338562
2.1520204544067383
-1.127661108970642
0.997287392616272
-0.1299382746219635
1.1407078504562378
-1.199937105178833
-0.3525848984718323
0.003895179135724902
1.086233377456665
1.1435034275054932
0.9359073042869568
-0.2220095545053482
0.10551289469003677
-0.1736864298582077
-0.9633480906486511
-0.6333008408546448
1.0949803590774536
1.004538893699646
-1.1807701587677002
1.4141452312469482
-0.007788412738591433
1.3453494310379028
-1.1025665998458862
-0.07614760100841522
-0.1626696139574051
0.5920144319534302
-0.3625621497631073
0.9418264627456665
-0.14193226397037506
-3.123162031173706
1.2678767442703247
-0.06392022222280502
-0.5844065546989441
-0.9007664918899536
0.4023616909980774
0.17005658149719238
1.013153314590454
0.5105658173561096
-0.7160242795944214
-0.06842648237943649
0.26338905096054077
0.21170441806316376
0.5715031027793884
0.99372798204422
0.9981149435043335
-1.1465133428573608
-0.1522403508424759
0.2680325210094452
-0.2810344099998474
-1.943102240562439
-0.48547255992889404
-0.8489848971366882
0.7259253263473511
-1.4857312440872192
-0.4310539662837982
-1.679969072341919
-0.06847142428159714
0.23070472478866577
2.1077091693878174
0.26171791553497314
0.12577885389328003
-0.03849470987915993
0.18901410698890686
1.1132309436798096
-1.7594317197799683
-0.7993019819259644
1.0969706773757935
0.2523636817932129
-0.9932113289833069
-1.9145331382751465
-0.657483696937561
-0.7455880045890808
0.3460066616535187
-0.1812814325094223
0.9822250008583069
-0.29058220982551575
-0.7059694528579712
-0.4859028160572052
1.4986292123794556
0.3547872006893158
-0.5634316205978394
-0.929534912109375
0.016131732612848282
0.5843700170516968
-0.3554098904132843
1.078867793083191
1.1601871252059937
0.41257548332214355
0.17814324796199799
-0.14155173301696777
0.04680744186043739
0.6232001781463623
-1.7987756729125977
-0.8026843070983887
0.14913834631443024
0.6499389410018921
-1.2461408376693726
-1.0817344188690186
3.909775972366333
0.2315663993358612
-1.2051247358322144
-0.18783672153949738
-0.5621862411499023
1.4697303771972656
1.1931055784225464
0.14165280759334564
0.6711220741271973
-1.7089285850524902
-0.23128774762153625
0.6657425761222839
-0.6673596501350403
-1.620999813079834
2.6826319694519043
-0.2529977858066559
0.049954358488321304
0.40540069341659546
0.9092833399772644
1.6231253147125244
-0.5570588707923889
-1.4103916883468628
-0.6122766733169556
1.4822049140930176
-0.7594850063323975
-0.31799572706222534
-0.26073575019836426
0.5851443409919739
-1.1266902685165405
-0.9969925284385681
1.8453266620635986
0.6285213232040405
0.3523516058921814
-0.38082554936408997
0.33707624673843384
0.9741318821907043
-0.8341859579086304
-2.4047019481658936
0.38208916783332825
-0.02167189121246338
0.1717011034488678
0.10494758933782578
-0.3915161192417145
0.29830271005630493
1.8880341053009033
1.0860116481781006
-0.3774239122867584
0.6063761115074158
0.41541171073913574
-0.35255640745162964
-0.9319866299629211
0.5582132339477539
0.9917808771133423
0.28972503542900085
-0.6538185477256775
-0.4463540017604828
-0.10943161696195602
-0.36055469512939453
-0.8153596520423889
-1.0277023315429688
1.0947887897491455
-0.09094265103340149
1.09432053565979
0.22679981589317322
-1.3247452974319458
1.5219653844833374
-1.1660966873168945
0.6810626983642578
0.8572209477424622
0.51819908618927
0.516467273235321
1.4020142555236816
-2.799950122833252
-1.4027303457260132
0.5994426012039185
-0.737920343875885
0.868582546710968
-1.425967812538147
-0.29479604959487915
-0.7781058549880981
-0.6711550354957581
-0.0998503565788269
-1.1801809072494507
-0.13009436428546906
0.3347698152065277
-0.8064631819725037
0.6713195443153381
-0.48671454191207886
0.3418920338153839
-0.10432272404432297
0.9556471109390259
0.16366125643253326
-0.0821380689740181
2.1632206439971924
-1.7985087633132935
1.2725721597671509
-1.2972899675369263
-0.4795895218849182